Running
[[0, 5], [0, 6], [1, 5], [1, 6]]
Getting mats
Getting classes
[0 0 1 1 0 0 0]
[0 0 0 0 0 0 0]
[0 0 0 0 0 0 0]
[0 0 0 0 0 1 0]
[0 0 0 0 0 0 0]
[0 0 0 0 0 0 0]
[0 0 0 0 0 0 0]
------------
[0 0 0 0 0 0 0]
[0 0 1 1 0 0 0]
[0 0 0 0 0 0 0]
[0 0 0 0 0 1 0]
[0 0 0 0 0 0 0]
[0 0 0 0 0 0 0]
[0 0 0 0 0 0 0]
------------
[0 0 1 0 0 0 0]
[0 0 1 1 0 0 0]
[0 0 0 0 0 0 0]
[0 0 0 0 0 1 0]
[0 0 0 0 0 0 0]
[0 0 0 0 0 0 0]
[0 0 0 0 0 0 0]
------------
[0 0 0 0 1 0 0]
[0 0 1 1 0 0 0]
[0 0 0 0 0 0 0]
[0 0 0 0 0 1 0]
[0 0 0 0 0 0 0]
[0 0 0 0 0 0 0]
[0 0 0 0 0 0 0]
------------
[0 0 1 1 0 0 0]
[0 0 0 0 1 0 0]
[0 0 0 0 0 0 0]
[0 0 0 0 0 1 0]
[0 0 0 0 0 0 0]
[0 0 0 0 0 0 0]
[0 0 0 0 0 0 0]
------------
[0 0 1 1 0 0 0]
[0 0 0 0 0 0 0]
[0 0 0 0 0 0 1]
[0 0 0 0 0 1 0]
[0 0 0 0 0 0 0]
[0 0 0 0 0 0 0]
[0 0 0 0 0 0 0]
------------
[0 0 0 0 0 0 0]
[0 0 1 1 0 0 0]
[0 0 0 0 0 0 1]
[0 0 0 0 0 1 0]
[0 0 0 0 0 0 0]
[0 0 0 0 0 0 0]
[0 0 0 0 0 0 0]
------------
[0 0 1 0 0 0 0]
[0 0 1 1 0 0 0]
[0 0 0 0 0 0 1]
[0 0 0 0 0 1 0]
[0 0 0 0 0 0 0]
[0 0 0 0 0 0 0]
[0 0 0 0 0 0 0]
------------
[0 0 0 0 1 0 0]
[0 0 1 1 0 0 0]
[0 0 0 0 0 0 1]
[0 0 0 0 0 1 0]
[0 0 0 0 0 0 0]
[0 0 0 0 0 0 0]
[0 0 0 0 0 0 0]
------------
[0 0 1 1 0 0 0]
[0 0 0 0 1 0 0]
[0 0 0 0 0 0 1]
[0 0 0 0 0 1 0]
[0 0 0 0 0 0 0]
[0 0 0 0 0 0 0]
[0 0 0 0 0 0 0]
------------
[0 0 1 1 0 0 0]
[0 0 0 0 0 0 0]
[0 0 0 0 0 0 0]
[0 0 0 0 0 0 1]
[0 0 0 0 0 0 0]
[0 0 0 0 0 0 0]
[0 0 0 0 0 0 0]
------------
[0 0 0 0 0 0 0]
[0 0 1 1 0 0 0]
[0 0 0 0 0 0 0]
[0 0 0 0 0 0 1]
[0 0 0 0 0 0 0]
[0 0 0 0 0 0 0]
[0 0 0 0 0 0 0]
------------
[0 0 1 0 0 0 0]
[0 0 1 1 0 0 0]
[0 0 0 0 0 0 0]
[0 0 0 0 0 0 1]
[0 0 0 0 0 0 0]
[0 0 0 0 0 0 0]
[0 0 0 0 0 0 0]
------------
[0 0 0 0 1 0 0]
[0 0 1 1 0 0 0]
[0 0 0 0 0 0 0]
[0 0 0 0 0 0 1]
[0 0 0 0 0 0 0]
[0 0 0 0 0 0 0]
[0 0 0 0 0 0 0]
------------
[0 0 1 1 0 0 0]
[0 0 0 0 1 0 0]
[0 0 0 0 0 0 0]
[0 0 0 0 0 0 1]
[0 0 0 0 0 0 0]
[0 0 0 0 0 0 0]
[0 0 0 0 0 0 0]
------------
[0 0 1 0 1 0 0]
[0 0 0 0 0 0 0]
[0 0 0 0 0 0 0]
[0 0 0 0 0 0 0]
[0 0 0 0 0 1 0]
[0 0 0 0 0 0 0]
[0 0 0 0 0 0 0]
------------
[0 0 0 1 1 0 0]
[0 0 0 0 0 0 0]
[0 0 0 0 0 0 0]
[0 0 0 0 0 0 0]
[0 0 0 0 0 1 0]
[0 0 0 0 0 0 0]
[0 0 0 0 0 0 0]
------------
[0 0 0 1 1 0 0]
[0 0 1 0 0 0 0]
[0 0 0 0 0 0 0]
[0 0 0 0 0 0 0]
[0 0 0 0 0 1 0]
[0 0 0 0 0 0 0]
[0 0 0 0 0 0 0]
------------
[0 0 1 0 1 0 0]
[0 0 0 1 0 0 0]
[0 0 0 0 0 0 0]
[0 0 0 0 0 0 0]
[0 0 0 0 0 1 0]
[0 0 0 0 0 0 0]
[0 0 0 0 0 0 0]
------------
[0 0 0 0 0 0 0]
[0 0 1 0 1 0 0]
[0 0 0 0 0 0 0]
[0 0 0 0 0 0 0]
[0 0 0 0 0 1 0]
[0 0 0 0 0 0 0]
[0 0 0 0 0 0 0]
------------
[0 0 1 0 0 0 0]
[0 0 1 0 1 0 0]
[0 0 0 0 0 0 0]
[0 0 0 0 0 0 0]
[0 0 0 0 0 1 0]
[0 0 0 0 0 0 0]
[0 0 0 0 0 0 0]
------------
[0 0 0 1 0 0 0]
[0 0 1 0 1 0 0]
[0 0 0 0 0 0 0]
[0 0 0 0 0 0 0]
[0 0 0 0 0 1 0]
[0 0 0 0 0 0 0]
[0 0 0 0 0 0 0]
------------
[0 0 1 1 0 0 0]
[0 0 1 0 1 0 0]
[0 0 0 0 0 0 0]
[0 0 0 0 0 0 0]
[0 0 0 0 0 1 0]
[0 0 0 0 0 0 0]
[0 0 0 0 0 0 0]
------------
[0 0 0 0 0 0 0]
[0 0 0 1 1 0 0]
[0 0 0 0 0 0 0]
[0 0 0 0 0 0 0]
[0 0 0 0 0 1 0]
[0 0 0 0 0 0 0]
[0 0 0 0 0 0 0]
------------
[0 0 1 0 0 0 0]
[0 0 0 1 1 0 0]
[0 0 0 0 0 0 0]
[0 0 0 0 0 0 0]
[0 0 0 0 0 1 0]
[0 0 0 0 0 0 0]
[0 0 0 0 0 0 0]
------------
[0 0 0 1 0 0 0]
[0 0 0 1 1 0 0]
[0 0 0 0 0 0 0]
[0 0 0 0 0 0 0]
[0 0 0 0 0 1 0]
[0 0 0 0 0 0 0]
[0 0 0 0 0 0 0]
------------
[0 0 1 0 1 0 0]
[0 0 0 0 0 0 0]
[0 0 0 0 0 0 1]
[0 0 0 0 0 0 0]
[0 0 0 0 0 1 0]
[0 0 0 0 0 0 0]
[0 0 0 0 0 0 0]
------------
[0 0 0 1 1 0 0]
[0 0 0 0 0 0 0]
[0 0 0 0 0 0 1]
[0 0 0 0 0 0 0]
[0 0 0 0 0 1 0]
[0 0 0 0 0 0 0]
[0 0 0 0 0 0 0]
------------
[0 0 0 1 1 0 0]
[0 0 1 0 0 0 0]
[0 0 0 0 0 0 1]
[0 0 0 0 0 0 0]
[0 0 0 0 0 1 0]
[0 0 0 0 0 0 0]
[0 0 0 0 0 0 0]
------------
[0 0 1 0 1 0 0]
[0 0 0 1 0 0 0]
[0 0 0 0 0 0 1]
[0 0 0 0 0 0 0]
[0 0 0 0 0 1 0]
[0 0 0 0 0 0 0]
[0 0 0 0 0 0 0]
------------
[0 0 0 0 0 0 0]
[0 0 1 0 1 0 0]
[0 0 0 0 0 0 1]
[0 0 0 0 0 0 0]
[0 0 0 0 0 1 0]
[0 0 0 0 0 0 0]
[0 0 0 0 0 0 0]
------------
[0 0 1 0 0 0 0]
[0 0 1 0 1 0 0]
[0 0 0 0 0 0 1]
[0 0 0 0 0 0 0]
[0 0 0 0 0 1 0]
[0 0 0 0 0 0 0]
[0 0 0 0 0 0 0]
------------
[0 0 0 1 0 0 0]
[0 0 1 0 1 0 0]
[0 0 0 0 0 0 1]
[0 0 0 0 0 0 0]
[0 0 0 0 0 1 0]
[0 0 0 0 0 0 0]
[0 0 0 0 0 0 0]
------------
[0 0 1 1 0 0 0]
[0 0 1 0 1 0 0]
[0 0 0 0 0 0 1]
[0 0 0 0 0 0 0]
[0 0 0 0 0 1 0]
[0 0 0 0 0 0 0]
[0 0 0 0 0 0 0]
------------
[0 0 0 0 0 0 0]
[0 0 0 1 1 0 0]
[0 0 0 0 0 0 1]
[0 0 0 0 0 0 0]
[0 0 0 0 0 1 0]
[0 0 0 0 0 0 0]
[0 0 0 0 0 0 0]
------------
[0 0 1 0 0 0 0]
[0 0 0 1 1 0 0]
[0 0 0 0 0 0 1]
[0 0 0 0 0 0 0]
[0 0 0 0 0 1 0]
[0 0 0 0 0 0 0]
[0 0 0 0 0 0 0]
------------
[0 0 0 1 0 0 0]
[0 0 0 1 1 0 0]
[0 0 0 0 0 0 1]
[0 0 0 0 0 0 0]
[0 0 0 0 0 1 0]
[0 0 0 0 0 0 0]
[0 0 0 0 0 0 0]
------------
[0 0 1 1 0 0 0]
[0 0 0 0 0 0 0]
[0 0 0 0 0 0 0]
[0 0 0 0 0 0 1]
[0 0 0 0 0 1 0]
[0 0 0 0 0 0 0]
[0 0 0 0 0 0 0]
------------
[0 0 1 0 1 0 0]
[0 0 0 0 0 0 0]
[0 0 0 0 0 0 0]
[0 0 0 0 0 0 1]
[0 0 0 0 0 1 0]
[0 0 0 0 0 0 0]
[0 0 0 0 0 0 0]
------------
[0 0 0 1 1 0 0]
[0 0 0 0 0 0 0]
[0 0 0 0 0 0 0]
[0 0 0 0 0 0 1]
[0 0 0 0 0 1 0]
[0 0 0 0 0 0 0]
[0 0 0 0 0 0 0]
------------
[0 0 1 1 1 0 0]
[0 0 0 0 0 0 0]
[0 0 0 0 0 0 0]
[0 0 0 0 0 0 1]
[0 0 0 0 0 1 0]
[0 0 0 0 0 0 0]
[0 0 0 0 0 0 0]
------------
[0 0 0 1 1 0 0]
[0 0 1 0 0 0 0]
[0 0 0 0 0 0 0]
[0 0 0 0 0 0 1]
[0 0 0 0 0 1 0]
[0 0 0 0 0 0 0]
[0 0 0 0 0 0 0]
------------
[0 0 1 0 1 0 0]
[0 0 0 1 0 0 0]
[0 0 0 0 0 0 0]
[0 0 0 0 0 0 1]
[0 0 0 0 0 1 0]
[0 0 0 0 0 0 0]
[0 0 0 0 0 0 0]
------------
[0 0 0 0 0 0 0]
[0 0 1 1 0 0 0]
[0 0 0 0 0 0 0]
[0 0 0 0 0 0 1]
[0 0 0 0 0 1 0]
[0 0 0 0 0 0 0]
[0 0 0 0 0 0 0]
------------
[0 0 1 0 0 0 0]
[0 0 1 1 0 0 0]
[0 0 0 0 0 0 0]
[0 0 0 0 0 0 1]
[0 0 0 0 0 1 0]
[0 0 0 0 0 0 0]
[0 0 0 0 0 0 0]
------------
[0 0 0 0 1 0 0]
[0 0 1 1 0 0 0]
[0 0 0 0 0 0 0]
[0 0 0 0 0 0 1]
[0 0 0 0 0 1 0]
[0 0 0 0 0 0 0]
[0 0 0 0 0 0 0]
------------
[0 0 1 0 1 0 0]
[0 0 1 1 0 0 0]
[0 0 0 0 0 0 0]
[0 0 0 0 0 0 1]
[0 0 0 0 0 1 0]
[0 0 0 0 0 0 0]
[0 0 0 0 0 0 0]
------------
[0 0 1 1 0 0 0]
[0 0 0 0 1 0 0]
[0 0 0 0 0 0 0]
[0 0 0 0 0 0 1]
[0 0 0 0 0 1 0]
[0 0 0 0 0 0 0]
[0 0 0 0 0 0 0]
------------
[0 0 0 0 0 0 0]
[0 0 1 0 1 0 0]
[0 0 0 0 0 0 0]
[0 0 0 0 0 0 1]
[0 0 0 0 0 1 0]
[0 0 0 0 0 0 0]
[0 0 0 0 0 0 0]
------------
[0 0 1 0 0 0 0]
[0 0 1 0 1 0 0]
[0 0 0 0 0 0 0]
[0 0 0 0 0 0 1]
[0 0 0 0 0 1 0]
[0 0 0 0 0 0 0]
[0 0 0 0 0 0 0]
------------
[0 0 0 1 0 0 0]
[0 0 1 0 1 0 0]
[0 0 0 0 0 0 0]
[0 0 0 0 0 0 1]
[0 0 0 0 0 1 0]
[0 0 0 0 0 0 0]
[0 0 0 0 0 0 0]
------------
[0 0 1 1 0 0 0]
[0 0 1 0 1 0 0]
[0 0 0 0 0 0 0]
[0 0 0 0 0 0 1]
[0 0 0 0 0 1 0]
[0 0 0 0 0 0 0]
[0 0 0 0 0 0 0]
------------
[0 0 0 0 0 0 0]
[0 0 0 1 1 0 0]
[0 0 0 0 0 0 0]
[0 0 0 0 0 0 1]
[0 0 0 0 0 1 0]
[0 0 0 0 0 0 0]
[0 0 0 0 0 0 0]
------------
[0 0 1 0 0 0 0]
[0 0 0 1 1 0 0]
[0 0 0 0 0 0 0]
[0 0 0 0 0 0 1]
[0 0 0 0 0 1 0]
[0 0 0 0 0 0 0]
[0 0 0 0 0 0 0]
------------
[0 0 0 1 0 0 0]
[0 0 0 1 1 0 0]
[0 0 0 0 0 0 0]
[0 0 0 0 0 0 1]
[0 0 0 0 0 1 0]
[0 0 0 0 0 0 0]
[0 0 0 0 0 0 0]
------------
[0 0 1 1 0 0 0]
[0 0 0 1 1 0 0]
[0 0 0 0 0 0 0]
[0 0 0 0 0 0 1]
[0 0 0 0 0 1 0]
[0 0 0 0 0 0 0]
[0 0 0 0 0 0 0]
------------
[0 0 0 0 0 0 0]
[0 0 1 1 1 0 0]
[0 0 0 0 0 0 0]
[0 0 0 0 0 0 1]
[0 0 0 0 0 1 0]
[0 0 0 0 0 0 0]
[0 0 0 0 0 0 0]
------------
[0 0 1 0 0 0 0]
[0 0 1 1 1 0 0]
[0 0 0 0 0 0 0]
[0 0 0 0 0 0 1]
[0 0 0 0 0 1 0]
[0 0 0 0 0 0 0]
[0 0 0 0 0 0 0]
------------
[0 0 0 1 0 0 0]
[0 0 1 1 1 0 0]
[0 0 0 0 0 0 0]
[0 0 0 0 0 0 1]
[0 0 0 0 0 1 0]
[0 0 0 0 0 0 0]
[0 0 0 0 0 0 0]
------------
[0 0 1 1 0 0 0]
[0 0 1 1 1 0 0]
[0 0 0 0 0 0 0]
[0 0 0 0 0 0 1]
[0 0 0 0 0 1 0]
[0 0 0 0 0 0 0]
[0 0 0 0 0 0 0]
------------
[0 0 1 0 1 0 0]
[0 0 0 0 0 0 0]
[0 0 0 0 0 0 0]
[0 0 0 0 0 0 0]
[0 0 0 0 0 0 1]
[0 0 0 0 0 0 0]
[0 0 0 0 0 0 0]
------------
[0 0 0 1 1 0 0]
[0 0 0 0 0 0 0]
[0 0 0 0 0 0 0]
[0 0 0 0 0 0 0]
[0 0 0 0 0 0 1]
[0 0 0 0 0 0 0]
[0 0 0 0 0 0 0]
------------
[0 0 0 1 1 0 0]
[0 0 1 0 0 0 0]
[0 0 0 0 0 0 0]
[0 0 0 0 0 0 0]
[0 0 0 0 0 0 1]
[0 0 0 0 0 0 0]
[0 0 0 0 0 0 0]
------------
[0 0 1 0 1 0 0]
[0 0 0 1 0 0 0]
[0 0 0 0 0 0 0]
[0 0 0 0 0 0 0]
[0 0 0 0 0 0 1]
[0 0 0 0 0 0 0]
[0 0 0 0 0 0 0]
------------
[0 0 0 0 0 0 0]
[0 0 1 0 1 0 0]
[0 0 0 0 0 0 0]
[0 0 0 0 0 0 0]
[0 0 0 0 0 0 1]
[0 0 0 0 0 0 0]
[0 0 0 0 0 0 0]
------------
[0 0 1 0 0 0 0]
[0 0 1 0 1 0 0]
[0 0 0 0 0 0 0]
[0 0 0 0 0 0 0]
[0 0 0 0 0 0 1]
[0 0 0 0 0 0 0]
[0 0 0 0 0 0 0]
------------
[0 0 0 1 0 0 0]
[0 0 1 0 1 0 0]
[0 0 0 0 0 0 0]
[0 0 0 0 0 0 0]
[0 0 0 0 0 0 1]
[0 0 0 0 0 0 0]
[0 0 0 0 0 0 0]
------------
[0 0 1 1 0 0 0]
[0 0 1 0 1 0 0]
[0 0 0 0 0 0 0]
[0 0 0 0 0 0 0]
[0 0 0 0 0 0 1]
[0 0 0 0 0 0 0]
[0 0 0 0 0 0 0]
------------
[0 0 0 0 0 0 0]
[0 0 0 1 1 0 0]
[0 0 0 0 0 0 0]
[0 0 0 0 0 0 0]
[0 0 0 0 0 0 1]
[0 0 0 0 0 0 0]
[0 0 0 0 0 0 0]
------------
[0 0 1 0 0 0 0]
[0 0 0 1 1 0 0]
[0 0 0 0 0 0 0]
[0 0 0 0 0 0 0]
[0 0 0 0 0 0 1]
[0 0 0 0 0 0 0]
[0 0 0 0 0 0 0]
------------
[0 0 0 1 0 0 0]
[0 0 0 1 1 0 0]
[0 0 0 0 0 0 0]
[0 0 0 0 0 0 0]
[0 0 0 0 0 0 1]
[0 0 0 0 0 0 0]
[0 0 0 0 0 0 0]
------------
[0 0 0 1 1 0 0]
[0 0 0 0 0 0 0]
[0 0 0 0 0 1 0]
[0 0 0 0 0 0 0]
[0 0 0 0 0 0 1]
[0 0 0 0 0 0 0]
[0 0 0 0 0 0 0]
------------
[0 0 0 1 1 0 0]
[0 0 1 0 0 0 0]
[0 0 0 0 0 1 0]
[0 0 0 0 0 0 0]
[0 0 0 0 0 0 1]
[0 0 0 0 0 0 0]
[0 0 0 0 0 0 0]
------------
[0 0 0 0 0 0 0]
[0 0 0 1 1 0 0]
[0 0 0 0 0 1 0]
[0 0 0 0 0 0 0]
[0 0 0 0 0 0 1]
[0 0 0 0 0 0 0]
[0 0 0 0 0 0 0]
------------
[0 0 1 0 0 0 0]
[0 0 0 1 1 0 0]
[0 0 0 0 0 1 0]
[0 0 0 0 0 0 0]
[0 0 0 0 0 0 1]
[0 0 0 0 0 0 0]
[0 0 0 0 0 0 0]
------------
[0 0 0 1 0 0 0]
[0 0 0 1 1 0 0]
[0 0 0 0 0 1 0]
[0 0 0 0 0 0 0]
[0 0 0 0 0 0 1]
[0 0 0 0 0 0 0]
[0 0 0 0 0 0 0]
------------
[0 0 1 1 0 0 0]
[0 0 0 0 0 0 0]
[0 0 0 0 0 0 0]
[0 0 0 0 0 1 0]
[0 0 0 0 0 0 1]
[0 0 0 0 0 0 0]
[0 0 0 0 0 0 0]
------------
[0 0 1 0 1 0 0]
[0 0 0 0 0 0 0]
[0 0 0 0 0 0 0]
[0 0 0 0 0 1 0]
[0 0 0 0 0 0 1]
[0 0 0 0 0 0 0]
[0 0 0 0 0 0 0]
------------
[0 0 1 0 1 0 0]
[0 0 0 1 0 0 0]
[0 0 0 0 0 0 0]
[0 0 0 0 0 1 0]
[0 0 0 0 0 0 1]
[0 0 0 0 0 0 0]
[0 0 0 0 0 0 0]
------------
[0 0 0 0 0 0 0]
[0 0 1 1 0 0 0]
[0 0 0 0 0 0 0]
[0 0 0 0 0 1 0]
[0 0 0 0 0 0 1]
[0 0 0 0 0 0 0]
[0 0 0 0 0 0 0]
------------
[0 0 1 0 0 0 0]
[0 0 1 1 0 0 0]
[0 0 0 0 0 0 0]
[0 0 0 0 0 1 0]
[0 0 0 0 0 0 1]
[0 0 0 0 0 0 0]
[0 0 0 0 0 0 0]
------------
[0 0 0 0 1 0 0]
[0 0 1 1 0 0 0]
[0 0 0 0 0 0 0]
[0 0 0 0 0 1 0]
[0 0 0 0 0 0 1]
[0 0 0 0 0 0 0]
[0 0 0 0 0 0 0]
------------
[0 0 1 0 1 0 0]
[0 0 1 1 0 0 0]
[0 0 0 0 0 0 0]
[0 0 0 0 0 1 0]
[0 0 0 0 0 0 1]
[0 0 0 0 0 0 0]
[0 0 0 0 0 0 0]
------------
[0 0 1 1 0 0 0]
[0 0 0 0 1 0 0]
[0 0 0 0 0 0 0]
[0 0 0 0 0 1 0]
[0 0 0 0 0 0 1]
[0 0 0 0 0 0 0]
[0 0 0 0 0 0 0]
------------
[0 0 0 0 0 0 0]
[0 0 1 0 1 0 0]
[0 0 0 0 0 0 0]
[0 0 0 0 0 1 0]
[0 0 0 0 0 0 1]
[0 0 0 0 0 0 0]
[0 0 0 0 0 0 0]
------------
[0 0 1 0 0 0 0]
[0 0 1 0 1 0 0]
[0 0 0 0 0 0 0]
[0 0 0 0 0 1 0]
[0 0 0 0 0 0 1]
[0 0 0 0 0 0 0]
[0 0 0 0 0 0 0]
------------
[0 0 0 1 0 0 0]
[0 0 1 0 1 0 0]
[0 0 0 0 0 0 0]
[0 0 0 0 0 1 0]
[0 0 0 0 0 0 1]
[0 0 0 0 0 0 0]
[0 0 0 0 0 0 0]
------------
Total non-rook: 87
256
